//Used character list based on file 'c:\jp_stringsU.txt'
// a list of all characters known to be used in Saint's Row.
// used to compress from 65536 Unicode to ~1500 Utilized Japanese
// BUILD Jun  5 2006 14:48:33
count=1801
32
33
34
35
36
37
38
39
40
41
42
43
44
45
46
47
48
49
50
51
52
53
54
55
56
57
58
59
60
61
62
63
64
65
66
67
68
69
70
71
72
73
74
75
76
77
78
79
80
81
82
83
84
85
86
87
88
89
90
91
92
93
94
95
96
97
98
99
100
101
102
103
104
105
106
107
108
109
110
111
112
113
114
115
116
117
118
119
120
121
122
123
124
125
126
127
128
129
130
131
132
133
134
135
136
137
138
139
140
141
142
143
144
145
146
147
148
149
150
151
152
153
154
155
156
157
158
159
160
161
162
163
164
165
166
167
168
169
170
171
172
173
174
175
176
177
178
179
180
181
182
183
184
185
186
187
188
189
190
191
192
193
194
195
196
197
198
199
200
201
202
203
204
205
206
207
208
209
210
211
212
213
214
215
216
217
218
219
220
221
222
223
224
225
226
227
228
229
230
231
232
233
234
235
236
237
238
239
240
241
242
243
244
245
246
247
248
249
250
251
252
253
254
255
8251
9794
12288
12289
12290
12293
12300
12301
12353
12354
12355
12356
12357
12358
12359
12360
12361
12362
12363
12364
12365
12366
12367
12368
12369
12370
12371
12372
12373
12374
12375
12376
12377
12378
12379
12380
12381
12382
12383
12384
12385
12387
12388
12389
12390
12391
12392
12393
12394
12395
12396
12397
12398
12399
12400
12401
12402
12403
12404
12405
12406
12407
12408
12409
12411
12412
12413
12414
12415
12416
12417
12418
12419
12420
12422
12423
12424
12425
12426
12427
12428
12429
12431
12434
12435
12449
12450
12451
12452
12453
12454
12455
12456
12457
12458
12459
12460
12461
12462
12463
12464
12465
12466
12467
12468
12469
12470
12471
12472
12473
12474
12475
12476
12477
12478
12479
12480
12481
12483
12484
12486
12487
12488
12489
12490
12491
12492
12493
12494
12495
12496
12497
12498
12499
12500
12501
12502
12503
12504
12505
12506
12507
12508
12509
12510
12511
12512
12513
12514
12515
12516
12517
12518
12519
12520
12521
12522
12523
12524
12525
12527
12531
12532
12533
12534
12539
12540
19968
19969
19975
19976
19977
19978
19979
19981
19982
19990
20001
20006
20013
20024
20027
20037
20047
20055
20062
20081
20083
20096
20102
20104
20105
20107
20108
20114
20116
20129
20132
20154
20167
20170
20171
20181
20182
20184
20195
20196
20197
20210
20214
20219
20239
20241
20250
20253
20276
20280
20282
20284
20301
20302
20303
20307
20309
20313
20316
20351
20363
20379
20381
20385
20398
20405
20415
20418
20439
20445
20449
20462
20474
20489
20491
20498
20505
20511
20516
20572
20581
20596
20597
20598
20633
20652
20658
20661
20663
20670
20677
20685
20687
20736
20767
20778
20786
20803
20804
20805
20808
20809
20813
20837
20840
20843
20844
20849
20853
20855
20869
20870
20877
20887
20889
20896
20908
20919
20966
20982
20985
20986
20995
20998
20999
21000
21009
21015
21021
21028
21029
21033
21040
21046
21050
21051
21059
21066
21069
21091
21103
21106
21109
21127
21147
21151
21152
21161
21162
21172
21177
21193
21205
21208
21209
21213
21215
21218
21220
21223
21250
21253
21270
21271
21305
21306
21307
21311
21313
21315
21320
21322
21329
21332
21335
21336
21338
21344
21360
21361
21402
21407
21427
21435
21442
21448
21451
21453
21454
21462
21463
21475
21476
21477
21481
21482
21484
21487
21488
21491
21495
21508
21512
21516
21517
21520
21521
21531
21542
21547
21560
21561
21564
21578
21608
21619
21628
21629
21644
21697
21729
21767
21807
21830
21839
21916
21927
21930
21942
21957
22057
22082
22107
22120
22234
22235
22238
22240
22243
22256
22258
22259
22266
22269
22287
22290
22303
22311
22312
22320
22346
22402
22411
22475
22495
22519
22522
22533
22577
22580
22592
22615
22622
22635
22645
22675
22679
22687
22721
22727
22730
22763
22768
22770
22793
22806
22810
22812
22823
22825
22826
22827
22830
22833
22855
22857
22865
22885
22888
22890
22899
22900
22909
22937
22952
22956
22969
22971
22985
22987
23039
23041
23064
23130
23142
23241
23244
23305
23330
23376
23383
23384
23398
23429
23432
23433
23436
23448
23450
23453
23455
23458
23459
23460
23475
23476
23478
23481
23487
23492
23494
23506
23517
23519
23527
23529
23544
23550
23554
23556
23558
23563
23566
23567
23569
23601
23611
23613
23614
23616
23617
23621
23626
23627
23637
23646
23652
23653
23665
23721
23736
23888
24029
24033
24037
24038
24040
24046
24059
24066
24067
24093
24107
24109
24111
24112
24115
24120
24125
24133
24149
24179
24180
24184
24185
24195
24202
24207
24213
24215
24230
24231
24235
24247
24259
24314
24321
24335
24341
24351
24369
24373
24375
24382
24403
24418
24425
24433
24441
24444
24449
24452
24453
24459
24460
24464
24466
24467
24471
24481
24489
24494
24500
24505
24515
24517
24525
24535
24536
24537
24540
24544
24555
24565
24594
24598
24605
24613
24615
24618
24623
24653
24656
24680
24687
24693
24724
24735
24739
24742
24745
24746
24754
24764
24773
24785
24794
24808
24819
24841
24847
24859
24863
24907
24908
24910
24930
24931
24942
25080
25082
25104
25105
25106
25126
25134
25135
25147
25152
25163
25165
25171
25173
25201
25206
25209
25215
25216
25233
25237
25239
25240
25244
25246
25265
25269
25273
25276
25285
25296
25298
25303
25307
25312
25313
25324
25331
25334
25342
25345
25351
25361
25369
25384
25391
25429
25436
25447
25448
25475
25480
25484
25490
25499
25503
25505
25506
25509
25511
25512
25514
25539
25545
25552
25562
25563
25569
25582
25588
25613
25644
25645
25658
25666
25731
25746
25771
25774
25805
25842
25903
25913
25915
25918
25925
25937
25943
25945
25954
25955
25964
25968
25972
25973
25975
25991
25993
26009
26012
26029
26032
26041
26045
26053
26063
26071
26085
26086
26087
26088
26089
26106
26118
26119
26126
26131
26132
26143
26144
26149
26152
26178
26217
26222
26223
26228
26230
26247
26263
26286
26292
26311
26354
26356
26360
26367
26368
26376
26377
26381
26395
26397
26399
26408
26410
26411
26412
26448
26463
26465
26469
26477
26479
26495
26522
26524
26550
26564
26579
26609
26619
26628
26657
26681
26684
26696
26719
26800
26805
26820
26834
26847
26874
26885
26908
26965
26989
26997
27005
27010
27060
27083
27096
27161
27169
27177
27178
27197
27211
27231
27424
27425
27442
27450
27468
27490
27491
27494
27497
27507
27508
27515
27526
27529
27530
27531
27570
27572
27573
27578
27598
27602
27611
27663
27665
27671
27700
27704
27714
27735
27738
27770
27784
27809
27810
27833
27835
27841
27861
27873
27874
27875
27877
27880
27891
27927
27963
27966
27969
27972
28014
28023
28040
28044
28082
28145
28155
28167
28168
28169
28171
28187
28193
28201
28204
28207
28286
28288
28304
28310
28357
28382
28436
28450
28508
28528
28608
28611
28779
28783
28784
28797
28814
28856
28857
28858
28872
28961
28966
28982
28988
29031
29087
29105
29118
29123
29190
29238
29255
29266
29275
29289
29298
29305
29344
29356
29359
29366
29378
29401
29420
29421
29467
29483
29486
29508
29554
29572
29575
29577
29579
29664
29694
29699
29702
29863
29872
29942
29976
29983
29987
29989
29992
30000
30001
30002
30003
30007
30010
30011
30028
30031
30041
30044
30053
30058
30064
30097
30130
30149
30151
30171
30196
30274
30290
30330
30331
30333
30334
30340
30342
30382
30410
30423
30427
30435
30446
30452
30456
30462
30473
30475
30495
30496
30524
30528
30636
30643
30690
30693
30701
30707
30740
30741
30770
30772
30828
30906
31034
31036
31038
31070
31080
31105
31169
31179
31185
31186
31192
31216
31227
31232
31243
31246
31278
31282
31292
31309
31348
31350
31354
31361
31363
31379
31435
31452
31456
31471
31478
31505
31532
31558
31561
31563
31572
31574
31639
31649
31665
31680
31684
31689
31777
31859
31881
31895
31896
31911
31934
31992
31995
32004
32005
32011
32013
32020
32026
32027
32032
32034
32043
32048
32057
32066
32068
32076
32080
32094
32097
32102
32113
32118
32153
32154
32173
32191
32202
32207
32209
32210
32218
32224
32232
32233
32244
32257
32260
32283
32286
32294
32302
32318
32321
32340
32368
32566
32608
32618
32622
32626
32645
32654
32680
32681
32701
32722
32769
32771
32773
32784
32791
32819
32854
32862
32884
32887
32905
32908
32925
32929
32930
32937
32938
32946
32966
32972
33012
33016
33021
33026
33029
33030
33050
33073
33075
33104
33105
33108
33109
33136
33145
33178
33192
33203
33256
33258
33261
33268
33288
33294
33296
33303
33310
33322
33324
33337
33391
33394
33437
33457
33464
33509
33510
33590
33618
33655
33707
33747
33853
33865
33900
33905
33988
33995
34065
34180
34220
34311
34384
34411
34425
34503
34880
34886
34892
34899
34903
34907
34909
34915
34920
34928
34966
34987
35009
35010
35013
35023
35036
35069
35079
35088
35167
35186
35201
35207
35211
35215
35222
35226
35239
35242
35251
35282
35299
35302
35328
35336
35342
35347
35352
35370
35373
35377
35379
35380
35388
35408
35413
35427
35430
35440
35441
35442
35443
35463
35469
35475
35480
35486
35488
35492
35500
35501
35504
35519
35527
35531
35542
35576
35582
35609
35611
35613
35635
35641
35672
35686
35696
35698
35703
35728
35937
35946
35998
36000
36001
36002
36007
36008
36009
36012
36016
36020
36023
36024
36027
36028
36031
36034
36035
36036
36039
36059
36062
36066
36074
36077
36092
36104
36196
36198
36208
36215
36229
36234
36259
36275
36317
36321
36335
36339
36367
36468
36523
36554
36557
36562
36578
36600
36605
36617
36620
36637
36650
36664
36703
36706
36763
36766
36785
36794
36796
36805
36814
36817
36820
36843
36855
36861
36864
36865
36867
36879
36880
36884
36890
36893
36895
36896
36899
36910
36913
36914
36930
36933
36935
36938
36939
36942
36947
36948
36949
36956
36960
36963
36969
36973
36984
36986
36991
36996
37034
37048
37066
37070
37096
37109
37117
37197
37202
37204
37228
37239
37320
37325
37326
37327
37329
37341
37347
37389
37444
37467
37504
37507
37613
37618
37628
37664
37682
37749
37782
37857
38263
38272
38281
38283
38291
38306
38322
38360
38450
38459
38477
38480
38498
38499
38500
38506
38512
38520
38522
38525
38533
38538
38542
38548
38553
38555
38556
38560
38563
38598
38599
38609
38626
38627
38632
38634
38647
38651
38656
38663
38738
38745
38750
38754
38761
38772
38829
38899
38911
38914
38915
38918
38928
38929
38936
38956
38957
38971
38972
38988
38989
38990
38996
39000
39006
39015
39080
39131
39135
39138
39151
39154
39164
39165
39166
39178
39208
39318
39340
39347
39364
39365
39366
39376
39438
39442
39443
39514
39592
39608
39620
39640
39658
39749
39764
39854
40165
40180
40434
40575
40635
40644
40658
40665
40763
40802
40845
65281
65285
65286
65288
65289
65291
65293
65295
65296
65297
65298
65299
65300
65301
65302
65303
65304
65305
65306
65311
65313
65314
65315
65316
65317
65318
65319
65320
65321
65322
65323
65324
65325
65326
65327
65328
65330
65331
65332
65333
65334
65335
65336
65337
65338
65345
65347
65348
65349
65352
65353
65356
65358
65359
65362
65363
65369
65374
65381
//ENDOFFILE
